2.0000000000000000000000000000000000000000000000000000000000000000000000000000000000000000000000000000
2.5000000000000000000000000000000000000000000000000000000000000000000000000000000000000000000000000000
2.6666666666666665186369300499791279435157775878906250000000000000000000000000000000000000000000000000
2.7083333333333330372738600999582558870315551757812500000000000000000000000000000000000000000000000000
2.7166666666666663410012461099540814757347106933593750000000000000000000000000000000000000000000000000
2.7180555555555554470004153699846938252449035644531250000000000000000000000000000000000000000000000000
2.7182539682539683667528152000159025192260742187500000000000000000000000000000000000000000000000000000
2.7182787698412700372330164100276306271553039550781250000000000000000000000000000000000000000000000000
2.7182815255731922476911677222233265638351440429687500000000000000000000000000000000000000000000000000
2.7182818011463845131459038384491577744483947753906250000000000000000000000000000000000000000000000000
2.7182818261984929009145162126515060663223266601562500000000000000000000000000000000000000000000000000
2.7182818282861687109175363730173557996749877929687500000000000000000000000000000000000000000000000000
2.7182818284467593628050963161513209342956542968750000000000000000000000000000000000000000000000000000
2.7182818284582301870955234335269778966903686523437500000000000000000000000000000000000000000000000000
2.7182818284589949087148852413520216941833496093750000000000000000000000000000000000000000000000000000
2.7182818284590428703495490481145679950714111328125000000000000000000000000000000000000000000000000000
2.7182818284590455348848081484902650117874145507812500000000000000000000000000000000000000000000000000
2.7182818284590455348848081484902650117874145507812500000000000000000000000000000000000000000000000000
2.7182818284590455348848081484902650117874145507812500000000000000000000000000000000000000000000000000
2.7182818284590455348848081484902650117874145507812500000000000000000000000000000000000000000000000000
2.7182818284590455348848081484902650117874145507812500000000000000000000000000000000000000000000000000
2.7182818284590455348848081484902650117874145507812500000000000000000000000000000000000000000000000000
2.7182818284590455348848081484902650117874145507812500000000000000000000000000000000000000000000000000
2.7182818284590455348848081484902650117874145507812500000000000000000000000000000000000000000000000000
2.7182818284590455348848081484902650117874145507812500000000000000000000000000000000000000000000000000
2.7182818284590455348848081484902650117874145507812500000000000000000000000000000000000000000000000000
2.7182818284590455348848081484902650117874145507812500000000000000000000000000000000000000000000000000
2.7182818284590455348848081484902650117874145507812500000000000000000000000000000000000000000000000000
2.7182818284590455348848081484902650117874145507812500000000000000000000000000000000000000000000000000
2.7182818284590455348848081484902650117874145507812500000000000000000000000000000000000000000000000000
2.7182818284590455348848081484902650117874145507812500000000000000000000000000000000000000000000000000
2.7182818284590455348848081484902650117874145507812500000000000000000000000000000000000000000000000000
2.7182818284590455348848081484902650117874145507812500000000000000000000000000000000000000000000000000
2.7182818284590455348848081484902650117874145507812500000000000000000000000000000000000000000000000000
2.7182818284590455348848081484902650117874145507812500000000000000000000000000000000000000000000000000
2.7182818284590455348848081484902650117874145507812500000000000000000000000000000000000000000000000000
2.7182818284590455348848081484902650117874145507812500000000000000000000000000000000000000000000000000
2.7182818284590455348848081484902650117874145507812500000000000000000000000000000000000000000000000000
2.7182818284590455348848081484902650117874145507812500000000000000000000000000000000000000000000000000
